100 1386 1
4 51921 8 25961 37 25961 38 25961 49 25961 50 25961 63 25961 66 51921 78 25961 82 25961 84 25961 89 25961 91 25961 98 25961 100 51921 
6 25961 39 25961 41 51921 42 51921 43 25961 48 51921 53 25961 56 51921 57 25961 59 51921 62 25961 67 25961 71 25961 76 25961 80 25961 85 25961 86 51921 87 51921 88 51921 90 51921 99 25961 
5 25961 7 51921 8 25961 23 25961 36 25961 37 25961 38 25961 40 51921 44 51921 45 25961 46 25961 47 51921 49 25961 50 25961 51 25961 52 25961 55 25961 58 25961 63 25961 64 25961 65 25961 68 25961 69 25961 70 25961 72 25961 74 25961 75 25961 78 25961 79 25961 81 25961 82 25961 83 25961 84 25961 89 25961 91 25961 93 25961 96 51921 98 25961 
1 51921 8 25961 37 25961 38 25961 49 25961 50 25961 63 25961 66 51921 78 25961 82 25961 84 25961 89 25961 91 25961 98 25961 100 51921 
3 25961 7 25961 8 25961 23 25961 36 25961 37 25961 38 25961 40 25961 44 25961 45 25961 46 25961 47 25961 49 25961 50 25961 51 25961 52 25961 53 25961 54 25961 55 25961 57 25961 58 51921 63 25961 64 25961 65 25961 67 25961 68 25961 69 25961 70 51921 71 25961 72 25961 74 25961 75 25961 78 25961 79 25961 81 25961 82 25961 83 25961 84 25961 89 25961 91 25961 93 51921 96 25961 98 25961 
2 25961 39 51921 41 25961 42 25961 43 25961 48 25961 56 25961 59 25961 62 51921 76 51921 77 25961 80 51921 85 51921 86 25961 87 25961 88 25961 90 25961 97 25961 99 51921 
3 51921 5 25961 8 25961 23 25961 36 25961 37 25961 38 25961 40 51921 44 51921 45 25961 46 25961 47 51921 49 25961 50 25961 51 25961 52 25961 55 25961 58 25961 63 25961 64 25961 65 25961 68 25961 69 25961 70 25961 72 25961 74 25961 75 25961 78 25961 79 25961 81 25961 82 25961 83 25961 84 25961 89 25961 91 25961 93 25961 96 51921 98 25961 
1 25961 3 25961 4 25961 5 25961 7 25961 23 25961 36 25961 37 51921 38 51921 40 25961 44 25961 45 25961 46 25961 47 25961 49 51921 50 51921 51 25961 52 25961 55 25961 58 25961 63 51921 64 25961 65 25961 66 25961 68 25961 69 25961 70 25961 72 25961 74 25961 75 25961 78 51921 79 25961 81 25961 82 51921 83 25961 84 51921 89 51921 91 51921 93 25961 96 25961 98 51921 100 25961 
10 51921 14 51921 15 51921 17 51921 18 51921 21 51921 23 25961 24 51921 25 51921 26 51921 27 51921 28 25961 29 51921 30 51921 31 51921 32 51921 33 51921 35 51921 51 25961 55 25961 61 25961 72 25961 94 51921 
9 51921 14 51921 15 51921 17 51921 18 51921 21 51921 23 25961 24 51921 25 51921 26 51921 27 51921 28 25961 29 51921 30 51921 31 51921 32 51921 33 51921 35 51921 51 25961 55 25961 61 25961 72 25961 94 51921 
12 51921 13 51921 16 51921 19 51921 20 51921 22 25961 34 51921 60 25961 92 51921 95 51921 
11 51921 13 51921 16 51921 19 51921 20 51921 22 25961 34 51921 60 25961 92 51921 95 51921 
11 51921 12 51921 16 51921 19 51921 20 51921 22 25961 34 51921 60 25961 92 51921 95 51921 
9 51921 10 51921 15 51921 17 51921 18 51921 21 51921 23 25961 24 51921 25 51921 26 51921 27 51921 28 25961 29 51921 30 51921 31 51921 32 51921 33 51921 35 51921 51 25961 55 25961 61 25961 72 25961 94 51921 
9 51921 10 51921 14 51921 17 51921 18 51921 21 51921 23 25961 24 51921 25 51921 26 51921 27 51921 28 25961 29 51921 30 51921 31 51921 32 51921 33 51921 35 51921 51 25961 55 25961 61 25961 72 25961 94 51921 
11 51921 12 51921 13 51921 19 51921 20 51921 22 25961 34 51921 60 25961 92 51921 95 51921 
9 51921 10 51921 14 51921 15 51921 18 51921 21 51921 23 25961 24 51921 25 51921 26 51921 27 51921 28 25961 29 51921 30 51921 31 51921 32 51921 33 51921 35 51921 51 25961 55 25961 61 25961 72 25961 94 51921 
9 51921 10 51921 14 51921 15 51921 17 51921 21 51921 23 25961 24 51921 25 51921 26 51921 27 51921 28 25961 29 51921 30 51921 31 51921 32 51921 33 51921 35 51921 51 25961 55 25961 61 25961 72 25961 94 51921 
11 51921 12 51921 13 51921 16 51921 20 51921 22 25961 34 51921 60 25961 92 51921 95 51921 
11 51921 12 51921 13 51921 16 51921 19 51921 22 25961 34 51921 60 25961 92 51921 95 51921 
9 51921 10 51921 14 51921 15 51921 17 51921 18 51921 23 25961 24 51921 25 51921 26 51921 27 51921 28 25961 29 51921 30 51921 31 51921 32 51921 33 51921 35 51921 51 25961 55 25961 61 25961 72 25961 94 51921 
11 25961 12 25961 13 25961 16 25961 19 25961 20 25961 34 25961 60 51921 61 25961 73 25961 92 25961 95 25961 
3 25961 5 25961 7 25961 8 25961 9 25961 10 25961 14 25961 15 25961 17 25961 18 25961 21 25961 24 25961 25 25961 26 25961 27 25961 28 25961 29 25961 30 25961 31 25961 32 25961 33 25961 35 25961 36 25961 37 25961 38 25961 40 25961 44 25961 45 25961 46 25961 47 25961 49 25961 50 25961 51 51921 52 25961 55 51921 58 25961 63 25961 64 25961 65 25961 68 25961 69 25961 70 25961 72 51921 74 25961 75 25961 78 25961 79 25961 81 25961 82 25961 83 25961 84 25961 89 25961 91 25961 93 25961 94 25961 96 25961 98 25961 
9 51921 10 51921 14 51921 15 51921 17 51921 18 51921 21 51921 23 25961 25 51921 26 51921 27 51921 28 25961 29 51921 30 51921 31 51921 32 51921 33 51921 35 51921 51 25961 55 25961 61 25961 72 25961 94 51921 
9 51921 10 51921 14 51921 15 51921 17 51921 18 51921 21 51921 23 25961 24 51921 26 51921 27 51921 28 25961 29 51921 30 51921 31 51921 32 51921 33 51921 35 51921 51 25961 55 25961 61 25961 72 25961 94 51921 
9 51921 10 51921 14 51921 15 51921 17 51921 18 51921 21 51921 23 25961 24 51921 25 51921 27 51921 28 25961 29 51921 30 51921 31 51921 32 51921 33 51921 35 51921 51 25961 55 25961 61 25961 72 25961 94 51921 
9 51921 10 51921 14 51921 15 51921 17 51921 18 51921 21 51921 23 25961 24 51921 25 51921 26 51921 28 25961 29 51921 30 51921 31 51921 32 51921 33 51921 35 51921 51 25961 55 25961 61 25961 72 25961 94 51921 
9 25961 10 25961 14 25961 15 25961 17 25961 18 25961 21 25961 23 25961 24 25961 25 25961 26 25961 27 25961 29 25961 30 25961 31 25961 32 25961 33 25961 35 25961 51 25961 55 25961 72 25961 73 25961 94 25961 
9 51921 10 51921 14 51921 15 51921 17 51921 18 51921 21 51921 23 25961 24 51921 25 51921 26 51921 27 51921 28 25961 30 51921 31 51921 32 51921 33 51921 35 51921 51 25961 55 25961 61 25961 72 25961 94 51921 
9 51921 10 51921 14 51921 15 51921 17 51921 18 51921 21 51921 23 25961 24 51921 25 51921 26 51921 27 51921 28 25961 29 51921 31 51921 32 51921 33 51921 35 51921 51 25961 55 25961 61 25961 72 25961 94 51921 
9 51921 10 51921 14 51921 15 51921 17 51921 18 51921 21 51921 23 25961 24 51921 25 51921 26 51921 27 51921 28 25961 29 51921 30 51921 32 51921 33 51921 35 51921 51 25961 55 25961 61 25961 72 25961 94 51921 
9 51921 10 51921 14 51921 15 51921 17 51921 18 51921 21 51921 23 25961 24 51921 25 51921 26 51921 27 51921 28 25961 29 51921 30 51921 31 51921 33 51921 35 51921 51 25961 55 25961 61 25961 72 25961 94 51921 
9 51921 10 51921 14 51921 15 51921 17 51921 18 51921 21 51921 23 25961 24 51921 25 51921 26 51921 27 51921 28 25961 29 51921 30 51921 31 51921 32 51921 35 51921 51 25961 55 25961 61 25961 72 25961 94 51921 
11 51921 12 51921 13 51921 16 51921 19 51921 20 51921 22 25961 60 25961 92 51921 95 51921 
9 51921 10 51921 14 51921 15 51921 17 51921 18 51921 21 51921 23 25961 24 51921 25 51921 26 51921 27 51921 28 25961 29 51921 30 51921 31 51921 32 51921 33 51921 51 25961 55 25961 61 25961 72 25961 94 51921 
3 25961 5 25961 7 25961 8 25961 23 25961 37 25961 38 25961 40 25961 44 25961 45 51921 46 51921 47 25961 49 25961 50 25961 51 25961 52 51921 55 25961 58 25961 63 25961 64 51921 65 51921 68 51921 69 51921 70 25961 72 25961 74 51921 75 51921 77 25961 78 25961 79 51921 81 51921 82 25961 83 51921 84 25961 89 25961 91 25961 93 25961 96 25961 97 25961 98 25961 
1 25961 3 25961 4 25961 5 25961 7 25961 8 51921 23 25961 36 25961 38 51921 40 25961 44 25961 45 25961 46 25961 47 25961 49 51921 50 51921 51 25961 52 25961 55 25961 58 25961 63 51921 64 25961 65 25961 66 25961 68 25961 69 25961 70 25961 72 25961 74 25961 75 25961 78 51921 79 25961 81 25961 82 51921 83 25961 84 51921 89 51921 91 51921 93 25961 96 25961 98 51921 100 25961 
1 25961 3 25961 4 25961 5 25961 7 25961 8 51921 23 25961 36 25961 37 51921 40 25961 44 25961 45 25961 46 25961 47 25961 49 51921 50 51921 51 25961 52 25961 55 25961 58 25961 63 51921 64 25961 65 25961 66 25961 68 25961 69 25961 70 25961 72 25961 74 25961 75 25961 78 51921 79 25961 81 25961 82 51921 83 25961 84 51921 89 51921 91 51921 93 25961 96 25961 98 51921 100 25961 
2 25961 6 51921 41 25961 42 25961 43 25961 48 25961 56 25961 59 25961 62 51921 76 51921 77 25961 80 51921 85 51921 86 25961 87 25961 88 25961 90 25961 97 25961 99 51921 
3 51921 5 25961 7 51921 8 25961 23 25961 36 25961 37 25961 38 25961 44 51921 45 25961 46 25961 47 51921 49 25961 50 25961 51 25961 52 25961 55 25961 58 25961 63 25961 64 25961 65 25961 68 25961 69 25961 70 25961 72 25961 74 25961 75 25961 78 25961 79 25961 81 25961 82 25961 83 25961 84 25961 89 25961 91 25961 93 25961 96 51921 98 25961 
2 51921 6 25961 39 25961 42 51921 43 25961 48 51921 53 25961 56 51921 57 25961 59 51921 62 25961 67 25961 71 25961 76 25961 80 25961 85 25961 86 51921 87 51921 88 51921 90 51921 99 25961 
2 51921 6 25961 39 25961 41 51921 43 25961 48 51921 53 25961 56 51921 57 25961 59 51921 62 25961 67 25961 71 25961 76 25961 80 25961 85 25961 86 51921 87 51921 88 51921 90 51921 99 25961 
2 25961 6 25961 39 25961 41 25961 42 25961 48 25961 54 25961 56 25961 59 25961 62 25961 76 25961 80 25961 85 25961 86 25961 87 25961 88 25961 90 25961 99 25961 
3 51921 5 25961 7 51921 8 25961 23 25961 36 25961 37 25961 38 25961 40 51921 45 25961 46 25961 47 51921 49 25961 50 25961 51 25961 52 25961 55 25961 58 25961 63 25961 64 25961 65 25961 68 25961 69 25961 70 25961 72 25961 74 25961 75 25961 78 25961 79 25961 81 25961 82 25961 83 25961 84 25961 89 25961 91 25961 93 25961 96 51921 98 25961 
3 25961 5 25961 7 25961 8 25961 23 25961 36 51921 37 25961 38 25961 40 25961 44 25961 46 51921 47 25961 49 25961 50 25961 51 25961 52 51921 55 25961 58 25961 63 25961 64 51921 65 51921 68 51921 69 51921 70 25961 72 25961 74 51921 75 51921 77 25961 78 25961 79 51921 81 51921 82 25961 83 51921 84 25961 89 25961 91 25961 93 25961 96 25961 97 25961 98 25961 
3 25961 5 25961 7 25961 8 25961 23 25961 36 51921 37 25961 38 25961 40 25961 44 25961 45 51921 47 25961 49 25961 50 25961 51 25961 52 51921 55 25961 58 25961 63 25961 64 51921 65 51921 68 51921 69 51921 70 25961 72 25961 74 51921 75 51921 77 25961 78 25961 79 51921 81 51921 82 25961 83 51921 84 25961 89 25961 91 25961 93 25961 96 25961 97 25961 98 25961 
3 51921 5 25961 7 51921 8 25961 23 25961 36 25961 37 25961 38 25961 40 51921 44 51921 45 25961 46 25961 49 25961 50 25961 51 25961 52 25961 55 25961 58 25961 63 25961 64 25961 65 25961 68 25961 69 25961 70 25961 72 25961 74 25961 75 25961 78 25961 79 25961 81 25961 82 25961 83 25961 84 25961 89 25961 91 25961 93 25961 96 51921 98 25961 
2 51921 6 25961 39 25961 41 51921 42 51921 43 25961 53 25961 56 51921 57 25961 59 51921 62 25961 67 25961 71 25961 76 25961 80 25961 85 25961 86 51921 87 51921 88 51921 90 51921 99 25961 
1 25961 3 25961 4 25961 5 25961 7 25961 8 51921 23 25961 36 25961 37 51921 38 51921 40 25961 44 25961 45 25961 46 25961 47 25961 50 51921 51 25961 52 25961 55 25961 58 25961 63 51921 64 25961 65 25961 66 25961 68 25961 69 25961 70 25961 72 25961 74 25961 75 25961 78 51921 79 25961 81 25961 82 51921 83 25961 84 51921 89 51921 91 51921 93 25961 96 25961 98 51921 100 25961 
1 25961 3 25961 4 25961 5 25961 7 25961 8 51921 23 25961 36 25961 37 51921 38 51921 40 25961 44 25961 45 25961 46 25961 47 25961 49 51921 51 25961 52 25961 55 25961 58 25961 63 51921 64 25961 65 25961 66 25961 68 25961 69 25961 70 25961 72 25961 74 25961 75 25961 78 51921 79 25961 81 25961 82 51921 83 25961 84 51921 89 51921 91 51921 93 25961 96 25961 98 51921 100 25961 
3 25961 5 25961 7 25961 8 25961 9 25961 10 25961 14 25961 15 25961 17 25961 18 25961 21 25961 23 51921 24 25961 25 25961 26 25961 27 25961 28 25961 29 25961 30 25961 31 25961 32 25961 33 25961 35 25961 36 25961 37 25961 38 25961 40 25961 44 25961 45 25961 46 25961 47 25961 49 25961 50 25961 52 25961 55 51921 58 25961 63 25961 64 25961 65 25961 68 25961 69 25961 70 25961 72 51921 74 25961 75 25961 78 25961 79 25961 81 25961 82 25961 83 25961 84 25961 89 25961 91 25961 93 25961 94 25961 96 25961 98 25961 
3 25961 5 25961 7 25961 8 25961 23 25961 36 51921 37 25961 38 25961 40 25961 44 25961 45 51921 46 51921 47 25961 49 25961 50 25961 51 25961 55 25961 58 25961 63 25961 64 51921 65 51921 68 51921 69 51921 70 25961 72 25961 74 51921 75 51921 77 25961 78 25961 79 51921 81 51921 82 25961 83 51921 84 25961 89 25961 91 25961 93 25961 96 25961 97 25961 98 25961 
2 25961 5 25961 41 25961 42 25961 48 25961 54 25961 56 25961 57 51921 58 25961 59 25961 67 51921 70 25961 71 51921 86 25961 87 25961 88 25961 90 25961 93 25961 
5 25961 43 25961 53 25961 57 25961 58 25961 67 25961 70 25961 71 25961 93 25961 
3 25961 5 25961 7 25961 8 25961 9 25961 10 25961 14 25961 15 25961 17 25961 18 25961 21 25961 23 51921 24 25961 25 25961 26 25961 27 25961 28 25961 29 25961 30 25961 31 25961 32 25961 33 25961 35 25961 36 25961 37 25961 38 25961 40 25961 44 25961 45 25961 46 25961 47 25961 49 25961 50 25961 51 51921 52 25961 58 25961 63 25961 64 25961 65 25961 68 25961 69 25961 70 25961 72 51921 74 25961 75 25961 78 25961 79 25961 81 25961 82 25961 83 25961 84 25961 89 25961 91 25961 93 25961 94 25961 96 25961 98 25961 
2 51921 6 25961 39 25961 41 51921 42 51921 43 25961 48 51921 53 25961 57 25961 59 51921 62 25961 67 25961 71 25961 76 25961 80 25961 85 25961 86 51921 87 51921 88 51921 90 51921 99 25961 
2 25961 5 25961 41 25961 42 25961 48 25961 53 51921 54 25961 56 25961 58 25961 59 25961 67 51921 70 25961 71 51921 86 25961 87 25961 88 25961 90 25961 93 25961 
3 25961 5 51921 7 25961 8 25961 23 25961 36 25961 37 25961 38 25961 40 25961 44 25961 45 25961 46 25961 47 25961 49 25961 50 25961 51 25961 52 25961 53 25961 54 25961 55 25961 57 25961 63 25961 64 25961 65 25961 67 25961 68 25961 69 25961 70 51921 71 25961 72 25961 74 25961 75 25961 78 25961 79 25961 81 25961 82 25961 83 25961 84 25961 89 25961 91 25961 93 51921 96 25961 98 25961 
2 51921 6 25961 39 25961 41 51921 42 51921 43 25961 48 51921 53 25961 56 51921 57 25961 62 25961 67 25961 71 25961 76 25961 80 25961 85 25961 86 51921 87 51921 88 51921 90 51921 99 25961 
11 25961 12 25961 13 25961 16 25961 19 25961 20 25961 22 51921 34 25961 61 25961 73 25961 92 25961 95 25961 
9 25961 10 25961 14 25961 15 25961 17 25961 18 25961 21 25961 22 25961 24 25961 25 25961 26 25961 27 25961 29 25961 30 25961 31 25961 32 25961 33 25961 35 25961 60 25961 73 25961 94 25961 
2 25961 6 51921 39 51921 41 25961 42 25961 43 25961 48 25961 56 25961 59 25961 76 51921 77 25961 80 51921 85 51921 86 25961 87 25961 88 25961 90 25961 97 25961 99 51921 
1 25961 3 25961 4 25961 5 25961 7 25961 8 51921 23 25961 36 25961 37 51921 38 51921 40 25961 44 25961 45 25961 46 25961 47 25961 49 51921 50 51921 51 25961 52 25961 55 25961 58 25961 64 25961 65 25961 66 25961 68 25961 69 25961 70 25961 72 25961 74 25961 75 25961 78 51921 79 25961 81 25961 82 51921 83 25961 84 51921 89 51921 91 51921 93 25961 96 25961 98 51921 100 25961 
3 25961 5 25961 7 25961 8 25961 23 25961 36 51921 37 25961 38 25961 40 25961 44 25961 45 51921 46 51921 47 25961 49 25961 50 25961 51 25961 52 51921 55 25961 58 25961 63 25961 65 51921 68 51921 69 51921 70 25961 72 25961 74 51921 75 51921 77 25961 78 25961 79 51921 81 51921 82 25961 83 51921 84 25961 89 25961 91 25961 93 25961 96 25961 97 25961 98 25961 
3 25961 5 25961 7 25961 8 25961 23 25961 36 51921 37 25961 38 25961 40 25961 44 25961 45 51921 46 51921 47 25961 49 25961 50 25961 51 25961 52 51921 55 25961 58 25961 63 25961 64 51921 68 51921 69 51921 70 25961 72 25961 74 51921 75 51921 77 25961 78 25961 79 51921 81 51921 82 25961 83 51921 84 25961 89 25961 91 25961 93 25961 96 25961 97 25961 98 25961 
1 51921 4 51921 8 25961 37 25961 38 25961 49 25961 50 25961 63 25961 78 25961 82 25961 84 25961 89 25961 91 25961 98 25961 100 51921 
2 25961 5 25961 41 25961 42 25961 48 25961 53 51921 54 25961 56 25961 57 51921 58 25961 59 25961 70 25961 71 51921 86 25961 87 25961 88 25961 90 25961 93 25961 
3 25961 5 25961 7 25961 8 25961 23 25961 36 51921 37 25961 38 25961 40 25961 44 25961 45 51921 46 51921 47 25961 49 25961 50 25961 51 25961 52 51921 55 25961 58 25961 63 25961 64 51921 65 51921 69 51921 70 25961 72 25961 74 51921 75 51921 77 25961 78 25961 79 51921 81 51921 82 25961 83 51921 84 25961 89 25961 91 25961 93 25961 96 25961 97 25961 98 25961 
3 25961 5 25961 7 25961 8 25961 23 25961 36 51921 37 25961 38 25961 40 25961 44 25961 45 51921 46 51921 47 25961 49 25961 50 25961 51 25961 52 51921 55 25961 58 25961 63 25961 64 51921 65 51921 68 51921 70 25961 72 25961 74 51921 75 51921 77 25961 78 25961 79 51921 81 51921 82 25961 83 51921 84 25961 89 25961 91 25961 93 25961 96 25961 97 25961 98 25961 
3 25961 5 51921 7 25961 8 25961 23 25961 36 25961 37 25961 38 25961 40 25961 44 25961 45 25961 46 25961 47 25961 49 25961 50 25961 51 25961 52 25961 53 25961 54 25961 55 25961 57 25961 58 51921 63 25961 64 25961 65 25961 67 25961 68 25961 69 25961 71 25961 72 25961 74 25961 75 25961 78 25961 79 25961 81 25961 82 25961 83 25961 84 25961 89 25961 91 25961 93 51921 96 25961 98 25961 
2 25961 5 25961 41 25961 42 25961 48 25961 53 51921 54 25961 56 25961 57 51921 58 25961 59 25961 67 51921 70 25961 86 25961 87 25961 88 25961 90 25961 93 25961 
3 25961 5 25961 7 25961 8 25961 9 25961 10 25961 14 25961 15 25961 17 25961 18 25961 21 25961 23 51921 24 25961 25 25961 26 25961 27 25961 28 25961 29 25961 30 25961 31 25961 32 25961 33 25961 35 25961 36 25961 37 25961 38 25961 40 25961 44 25961 45 25961 46 25961 47 25961 49 25961 50 25961 51 51921 52 25961 55 51921 58 25961 63 25961 64 25961 65 25961 68 25961 69 25961 70 25961 74 25961 75 25961 78 25961 79 25961 81 25961 82 25961 83 25961 84 25961 89 25961 91 25961 93 25961 94 25961 96 25961 98 25961 
22 25961 28 25961 60 25961 61 25961 
3 25961 5 25961 7 25961 8 25961 23 25961 36 51921 37 25961 38 25961 40 25961 44 25961 45 51921 46 51921 47 25961 49 25961 50 25961 51 25961 52 51921 55 25961 58 25961 63 25961 64 51921 65 51921 68 51921 69 51921 70 25961 72 25961 75 51921 77 25961 78 25961 79 51921 81 51921 82 25961 83 51921 84 25961 89 25961 91 25961 93 25961 96 25961 97 25961 98 25961 
3 25961 5 25961 7 25961 8 25961 23 25961 36 51921 37 25961 38 25961 40 25961 44 25961 45 51921 46 51921 47 25961 49 25961 50 25961 51 25961 52 51921 55 25961 58 25961 63 25961 64 51921 65 51921 68 51921 69 51921 70 25961 72 25961 74 51921 77 25961 78 25961 79 51921 81 51921 82 25961 83 51921 84 25961 89 25961 91 25961 93 25961 96 25961 97 25961 98 25961 
2 25961 6 51921 39 51921 41 25961 42 25961 43 25961 48 25961 56 25961 59 25961 62 51921 77 25961 80 51921 85 51921 86 25961 87 25961 88 25961 90 25961 97 25961 99 51921 
6 25961 36 25961 39 25961 45 25961 46 25961 52 25961 62 25961 64 25961 65 25961 68 25961 69 25961 74 25961 75 25961 76 25961 79 25961 80 25961 81 25961 83 25961 85 25961 97 51921 99 25961 
1 25961 3 25961 4 25961 5 25961 7 25961 8 51921 23 25961 36 25961 37 51921 38 51921 40 25961 44 25961 45 25961 46 25961 47 25961 49 51921 50 51921 51 25961 52 25961 55 25961 58 25961 63 51921 64 25961 65 25961 66 25961 68 25961 69 25961 70 25961 72 25961 74 25961 75 25961 79 25961 81 25961 82 51921 83 25961 84 51921 89 51921 91 51921 93 25961 96 25961 98 51921 100 25961 
3 25961 5 25961 7 25961 8 25961 23 25961 36 51921 37 25961 38 25961 40 25961 44 25961 45 51921 46 51921 47 25961 49 25961 50 25961 51 25961 52 51921 55 25961 58 25961 63 25961 64 51921 65 51921 68 51921 69 51921 70 25961 72 25961 74 51921 75 51921 77 25961 78 25961 81 51921 82 25961 83 51921 84 25961 89 25961 91 25961 93 25961 96 25961 97 25961 98 25961 
2 25961 6 51921 39 51921 41 25961 42 25961 43 25961 48 25961 56 25961 59 25961 62 51921 76 51921 77 25961 85 51921 86 25961 87 25961 88 25961 90 25961 97 25961 99 51921 
3 25961 5 25961 7 25961 8 25961 23 25961 36 51921 37 25961 38 25961 40 25961 44 25961 45 51921 46 51921 47 25961 49 25961 50 25961 51 25961 52 51921 55 25961 58 25961 63 25961 64 51921 65 51921 68 51921 69 51921 70 25961 72 25961 74 51921 75 51921 77 25961 78 25961 79 51921 82 25961 83 51921 84 25961 89 25961 91 25961 93 25961 96 25961 97 25961 98 25961 
1 25961 3 25961 4 25961 5 25961 7 25961 8 51921 23 25961 36 25961 37 51921 38 51921 40 25961 44 25961 45 25961 46 25961 47 25961 49 51921 50 51921 51 25961 52 25961 55 25961 58 25961 63 51921 64 25961 65 25961 66 25961 68 25961 69 25961 70 25961 72 25961 74 25961 75 25961 78 51921 79 25961 81 25961 83 25961 84 51921 89 51921 91 51921 93 25961 96 25961 98 51921 100 25961 
3 25961 5 25961 7 25961 8 25961 23 25961 36 51921 37 25961 38 25961 40 25961 44 25961 45 51921 46 51921 47 25961 49 25961 50 25961 51 25961 52 51921 55 25961 58 25961 63 25961 64 51921 65 51921 68 51921 69 51921 70 25961 72 25961 74 51921 75 51921 77 25961 78 25961 79 51921 81 51921 82 25961 84 25961 89 25961 91 25961 93 25961 96 25961 97 25961 98 25961 
1 25961 3 25961 4 25961 5 25961 7 25961 8 51921 23 25961 36 25961 37 51921 38 51921 40 25961 44 25961 45 25961 46 25961 47 25961 49 51921 50 51921 51 25961 52 25961 55 25961 58 25961 63 51921 64 25961 65 25961 66 25961 68 25961 69 25961 70 25961 72 25961 74 25961 75 25961 78 51921 79 25961 81 25961 82 51921 83 25961 89 51921 91 51921 93 25961 96 25961 98 51921 100 25961 
2 25961 6 51921 39 51921 41 25961 42 25961 43 25961 48 25961 56 25961 59 25961 62 51921 76 51921 77 25961 80 51921 86 25961 87 25961 88 25961 90 25961 97 25961 99 51921 
2 51921 6 25961 39 25961 41 51921 42 51921 43 25961 48 51921 53 25961 56 51921 57 25961 59 51921 62 25961 67 25961 71 25961 76 25961 80 25961 85 25961 87 51921 88 51921 90 51921 99 25961 
2 51921 6 25961 39 25961 41 51921 42 51921 43 25961 48 51921 53 25961 56 51921 57 25961 59 51921 62 25961 67 25961 71 25961 76 25961 80 25961 85 25961 86 51921 88 51921 90 51921 99 25961 
2 51921 6 25961 39 25961 41 51921 42 51921 43 25961 48 51921 53 25961 56 51921 57 25961 59 51921 62 25961 67 25961 71 25961 76 25961 80 25961 85 25961 86 51921 87 51921 90 51921 99 25961 
1 25961 3 25961 4 25961 5 25961 7 25961 8 51921 23 25961 36 25961 37 51921 38 51921 40 25961 44 25961 45 25961 46 25961 47 25961 49 51921 50 51921 51 25961 52 25961 55 25961 58 25961 63 51921 64 25961 65 25961 66 25961 68 25961 69 25961 70 25961 72 25961 74 25961 75 25961 78 51921 79 25961 81 25961 82 51921 83 25961 84 51921 91 51921 93 25961 96 25961 98 51921 100 25961 
2 51921 6 25961 39 25961 41 51921 42 51921 43 25961 48 51921 53 25961 56 51921 57 25961 59 51921 62 25961 67 25961 71 25961 76 25961 80 25961 85 25961 86 51921 87 51921 88 51921 99 25961 
1 25961 3 25961 4 25961 5 25961 7 25961 8 51921 23 25961 36 25961 37 51921 38 51921 40 25961 44 25961 45 25961 46 25961 47 25961 49 51921 50 51921 51 25961 52 25961 55 25961 58 25961 63 51921 64 25961 65 25961 66 25961 68 25961 69 25961 70 25961 72 25961 74 25961 75 25961 78 51921 79 25961 81 25961 82 51921 83 25961 84 51921 89 51921 93 25961 96 25961 98 51921 100 25961 
11 51921 12 51921 13 51921 16 51921 19 51921 20 51921 22 25961 34 51921 60 25961 95 51921 
3 25961 5 51921 7 25961 8 25961 23 25961 36 25961 37 25961 38 25961 40 25961 44 25961 45 25961 46 25961 47 25961 49 25961 50 25961 51 25961 52 25961 53 25961 54 25961 55 25961 57 25961 58 51921 63 25961 64 25961 65 25961 67 25961 68 25961 69 25961 70 51921 71 25961 72 25961 74 25961 75 25961 78 25961 79 25961 81 25961 82 25961 83 25961 84 25961 89 25961 91 25961 96 25961 98 25961 
9 51921 10 51921 14 51921 15 51921 17 51921 18 51921 21 51921 23 25961 24 51921 25 51921 26 51921 27 51921 28 25961 29 51921 30 51921 31 51921 32 51921 33 51921 35 51921 51 25961 55 25961 61 25961 72 25961 
11 51921 12 51921 13 51921 16 51921 19 51921 20 51921 22 25961 34 51921 60 25961 92 51921 
3 51921 5 25961 7 51921 8 25961 23 25961 36 25961 37 25961 38 25961 40 51921 44 51921 45 25961 46 25961 47 51921 49 25961 50 25961 51 25961 52 25961 55 25961 58 25961 63 25961 64 25961 65 25961 68 25961 69 25961 70 25961 72 25961 74 25961 75 25961 78 25961 79 25961 81 25961 82 25961 83 25961 84 25961 89 25961 91 25961 93 25961 98 25961 
6 25961 36 25961 39 25961 45 25961 46 25961 52 25961 62 25961 64 25961 65 25961 68 25961 69 25961 74 25961 75 25961 76 25961 77 51921 79 25961 80 25961 81 25961 83 25961 85 25961 99 25961 
1 25961 3 25961 4 25961 5 25961 7 25961 8 51921 23 25961 36 25961 37 51921 38 51921 40 25961 44 25961 45 25961 46 25961 47 25961 49 51921 50 51921 51 25961 52 25961 55 25961 58 25961 63 51921 64 25961 65 25961 66 25961 68 25961 69 25961 70 25961 72 25961 74 25961 75 25961 78 51921 79 25961 81 25961 82 51921 83 25961 84 51921 89 51921 91 51921 93 25961 96 25961 100 25961 
2 25961 6 51921 39 51921 41 25961 42 25961 43 25961 48 25961 56 25961 59 25961 62 51921 76 51921 77 25961 80 51921 85 51921 86 25961 87 25961 88 25961 90 25961 97 25961 
1 51921 4 51921 8 25961 37 25961 38 25961 49 25961 50 25961 63 25961 66 51921 78 25961 82 25961 84 25961 89 25961 91 25961 98 25961 
